{"settings": {"metric": "orthodromic", "filename": "data/capitals.json", "number_cities": 50}, "cities": [{"id": 0, "name": "Montgomery", "latitude": 32.361538, "longitude": -86.279118}, {"id": 1, "name": "Juneau", "latitude": 58.301935, "longitude": -134.41974}, {"id": 2, "name": "Phoenix", "latitude": 33.448457, "longitude": -112.073844}, {"id": 3, "name": "Little Rock", "latitude": 34.736009, "longitude": -92.331122}, {"id": 4, "name": "Sacramento", "latitude": 38.555605, "longitude": -121.468926}, {"id": 5, "name": "Denver", "latitude": 39.7391667, "longitude": -104.984167}, {"id": 6, "name": "Hartford", "latitude": 41.767, "longitude": -72.677}, {"id": 7, "name": "Dover", "latitude": 39.161921, "longitude": -75.526755}, {"id": 8, "name": "Tallahassee", "latitude": 30.4518, "longitude": -84.27277}, {"id": 9, "name": "Atlanta", "latitude": 33.76, "longitude": -84.39}, {"id": 10, "name": "Honolulu", "latitude": 21.30895, "longitude": -157.826182}, {"id": 11, "name": "Boise", "latitude": 43.613739, "longitude": -116.237651}, {"id": 12, "name": "Springfield", "latitude": 39.78325, "longitude": -89.650373}, {"id": 13, "name": "Indianapolis", "latitude": 39.790942, "longitude": -86.147685}, {"id": 14, "name": "Des Moines", "latitude": 41.590939, "longitude": -93.620866}, {"id": 15, "name": "Topeka", "latitude": 39.04, "longitude": -95.69}, {"id": 16, "name": "Frankfort", "latitude": 38.197274, "longitude": -84.86311}, {"id": 17, "name": "Baton Rouge", "latitude": 30.45809, "longitude": -91.140229}, {"id": 18, "name": "Augusta", "latitude": 44.323535, "longitude": -69.765261}, {"id": 19, "name": "Annapolis", "latitude": 38.972945, "longitude": -76.501157}, {"id": 20, "name": "Boston", "latitude": 42.2352, "longitude": -71.0275}, {"id": 21, "name": "Lansing", "latitude": 42.7335, "longitude": -84.5467}, {"id": 22, "name": "Saint Paul", "latitude": 44.95, "longitude": -93.094}, {"id": 23, "name": "Jackson", "latitude": 32.32, "longitude": -90.207}, {"id": 24, "name": "Jefferson City", "latitude": 38.572954, "longitude": -92.189283}, {"id": 25, "name": "Helana", "latitude": 46.595805, "longitude": -112.027031}, {"id": 26, "name": "Lincoln", "latitude": 40.809868, "longitude": -96.675345}, {"id": 27, "name": "Carson City", "latitude": 39.160949, "longitude": -119.753877}, {"id": 28, "name": "Concord", "latitude": 43.220093, "longitude": -71.549127}, {"id": 29, "name": "Trenton", "latitude": 40.221741, "longitude": -74.756138}, {"id": 30, "name": "Santa Fe", "latitude": 35.667231, "longitude": -105.964575}, {"id": 31, "name": "Albany", "latitude": 42.659829, "longitude": -73.781339}, {"id": 32, "name": "Raleigh", "latitude": 35.771, "longitude": -78.638}, {"id": 33, "name": "Bismarck", "latitude": 46.813343, "longitude": -100.779004}, {"id": 34, "name": "Columbus", "latitude": 39.962245, "longitude": -83.000647}, {"id": 35, "name": "Oklahoma City", "latitude": 35.482309, "longitude": -97.534994}, {"id": 36, "name": "Salem", "latitude": 44.931109, "longitude": -123.029159}, {"id": 37, "name": "Harrisburg", "latitude": 40.269789, "longitude": -76.875613}, {"id": 38, "name": "Providence", "latitude": 41.82355, "longitude": -71.422132}, {"id": 39, "name": "Columbia", "latitude": 34.0, "longitude": -81.035}, {"id": 40, "name": "Pierre", "latitude": 44.367966, "longitude": -100.336378}, {"id": 41, "name": "Nashville", "latitude": 36.165, "longitude": -86.784}, {"id": 42, "name": "Austin", "latitude": 30.266667, "longitude": -97.75}, {"id": 43, "name": "Salt Lake City", "latitude": 40.7547, "longitude": -111.892622}, {"id": 44, "name": "Montpelier", "latitude": 44.26639, "longitude": -72.57194}, {"id": 45, "name": "Richmond", "latitude": 37.54, "longitude": -77.46}, {"id": 46, "name": "Olympia", "latitude": 47.042418, "longitude": -122.893077}, {"id": 47, "name": "Charleston", "latitude": 38.349497, "longitude": -81.633294}, {"id": 48, "name": "Madison", "latitude": 43.074722, "longitude": -89.384444}, {"id": 49, "name": "Cheyenne", "latitude": 41.145548, "longitude": -104.802042}], "weight_matrix": [[4775854.687915557, 4589.225752409686, 2404.970627015125, 619.7330222422992, 3240.0541185343413, 1865.9828946727846, 1593.429590673051, 1228.5232821667344, 285.20470166877124, 234.88316269028277, 7079.370139560692, 2887.119618391741, 878.9267257883188, 826.1961684526626, 1214.8487330514681, 1127.3752274647456, 661.4848151565034, 507.483430990004, 1953.485761139289, 1147.9701980078669, 1734.663404896702, 1163.3022496908895, 1518.3079593533034, 369.01906853198307, 873.3399609686898, 2697.888730294723, 1318.758986896108, 3094.652288688136, 1765.1175273517285, 1350.8570521852382, 1847.907596322235, 1586.0707365151125, 799.0919925683153, 2024.3029177493877, 894.7516944963564, 1094.230815708656, 3446.8656403033224, 1216.3899304909244, 1682.0118635432484, 520.8545157411421, 1807.1085750004786, 425.46090187808284, 1113.713831279233, 2459.3973115146473, 1779.0626869261969, 987.9882455538157, 3488.876575709155, 787.6567951464625, 1221.9126489740374, 1911.6609299818203], [4589.225752409686, 4775854.687915557, 3226.716523289665, 4043.745923680031, 2384.982789547333, 2934.0418789789173, 4582.530307229883, 4625.749619886668, 4872.9333065164055, 4571.3118520044645, 4522.778236344351, 2057.0730936582127, 3757.059297855997, 3956.915776383695, 3383.314325780208, 3482.6155431757848, 4163.0432165539205, 4497.22538816507, 4552.304367361954, 4584.307303691883, 4641.532256635894, 3813.9672951096386, 3148.357317677873, 4376.791153096661, 3715.899681906985, 1982.469944328087, 3277.8657903345875, 2372.845423982859, 4534.215554942981, 4584.678831048871, 3266.6338231087275, 4448.0247465610355, 4727.54035851028, 2569.90811201746, 4124.887887620809, 3699.5014528058186, 1676.7364482383505, 4456.974786977292, 4651.108053407676, 4741.64421471482, 2783.741241503777, 4226.25131280365, 4175.1414415916715, 2514.857873224753, 4394.398958257069, 4646.896784127876, 1469.1002753132807, 4336.8695483735355, 3506.697636882903, 2817.372962520713], [2404.970627015125, 3226.716523289665, 4775854.687915557, 1820.698818478143, 1017.3464945273328, 942.6858248255768, 3558.027051315277, 3312.897415585948, 2636.1967355473885, 2556.327960054596, 4674.454250336803, 1186.5062068514922, 2114.7675400921116, 2409.090279161019, 1856.7162563544168, 1592.4009208931527, 2499.9109424530056, 1999.2695048009734, 3808.753576753663, 3228.898231001728, 3695.875520847664, 2605.782922057785, 2067.294676351678, 2041.9795334487458, 1872.669621251391, 1461.9237565873295, 1588.2409905746065, 935.857382489494, 3658.084236215666, 3379.253658497425, 611.28570264115, 3472.605582559013, 3056.0788753522233, 1765.280249941563, 2677.7721754995664, 1350.6231758706874, 1584.8147975353972, 3199.5970399798503, 3662.188430110667, 2860.1659391124313, 1579.571889625996, 2321.9830824889436, 1396.9950078114134, 812.5755240988448, 3585.6407650529704, 3148.5720897244073, 1764.803828648885, 2782.3380783510097, 2241.371696638941, 1069.75078875243], [619.7330222422992, 4043.745923680031, 1820.698818478143, 4775854.687915557, 2622.756634141459, 1249.0481770388117, 1880.1389842702813, 1569.506124721898, 892.1846535559181, 737.7264110728884, 6489.091628490018, 2273.9734999751245, 609.2281248192584, 784.0497160184083, 770.5003616611731, 564.0505375920247, 770.4047597359998, 488.57685710531297, 2199.0145104905982, 1482.8060102382337, 2025.8141987860463, 1115.4694795379528, 1137.5946905334365, 333.05245134998194, 426.83621051111686, 2110.7873529277235, 775.580639219574, 2476.121133206103, 2021.2697898188637, 1662.8634339151201, 1242.058257459028, 1829.416229541758, 1247.656868758092, 1517.5830470007743, 1008.018231947913, 480.5220648208534, 2834.0013127872207, 1493.0669646282856, 1981.307853743349, 1039.4708246176958, 1270.6156421277162, 526.8967014310391, 710.5473503070259, 1840.578899733826, 1991.3267851329306, 1369.7417813457637, 2884.801010584391, 1035.8827329875842, 961.4622427444359, 1303.3190975665723], [3240.0541185343413, 2384.982789547333, 1017.3464945273328, 2622.756634141459, 4775854.687915557, 1425.6021058091371, 4105.932371844306, 3935.023772612998, 3499.761140334276, 3348.313617732443, 3957.2709320840877, 712.8132239764835, 2731.9454201932326, 3028.0783853679523, 2382.922337638181, 2227.179701686345, 3169.7968225404534, 2905.828179088206, 4285.2370468027975, 3858.431834370951, 4228.742494976332, 3124.2839240879416, 2444.5440674856914, 2900.696494048019, 2534.7754269899438, 1180.219861563358, 2129.270076130587, 163.04090284844614, 4165.817556778755, 3971.8536657656473, 1409.968192488061, 3997.947491632557, 3773.73887212619, 1916.0510954101483, 3289.953816783103, 2145.938080558844, 720.6040605774845, 3794.9970718516615, 4206.406346194406, 3630.364034353484, 1869.303063076784, 3058.854377259843, 2354.1948221930065, 854.987161942084, 4065.740890551706, 3817.966309654128, 950.770370506854, 3441.1607229059164, 2729.1232317149515, 1449.2492461049794], [1865.9828946727846, 2934.0418789789173, 942.6858248255768, 1249.0481770388117, 1425.6021058091371, 4775854.687915557, 2714.644370590654, 2518.6397267289954, 2141.231605855118, 1946.144444003994, 5372.435005142998, 1028.0017632171468, 1309.0956260219837, 1607.0298677494663, 979.5206928512312, 802.1200670902139, 1744.2667489983735, 1624.8379914403768, 2929.924515353337, 2440.070423722952, 2844.7510113632393, 1736.5567141066258, 1134.3610524589972, 1560.9581490871496, 1109.8514715381484, 951.8022414062339, 714.5910141108548, 1268.3536484951783, 2793.213985827615, 2563.5887947323, 460.91121926441525, 2615.6866885903237, 2348.9807427648334, 856.7910420652172, 1872.0461015287956, 808.5973471608073, 1587.3847466204518, 2384.789492815754, 2817.339738124946, 2216.249416086037, 641.7637534062738, 1641.3484194226432, 1241.3482506217351, 596.9358808354472, 2706.8022373396707, 2393.575354775695, 1653.8074632068724, 2016.785388941173, 1350.5601764385806, 157.1400088769651], [1593.429590673051, 4582.530307229883, 3558.027051315277, 1880.1389842702813, 4105.932371844306, 2714.644370590654, 4775854.687915557, 376.8210096945114, 1630.24466755859, 1358.8992262766112, 8060.876582274793, 3525.1708040457793, 1443.7322785604822, 1154.0519959282956, 1735.1754310027961, 1966.010521533441, 1110.3299508125388, 2073.7667891002175, 369.8102294206401, 448.7760158861199, 145.90335400531973, 982.0397900951066, 1683.3533671762696, 1871.4559500475286, 1691.5914590821621, 3149.766059133582, 2001.4146511465533, 3943.300073689623, 186.16320403875696, 244.87787201548096, 2946.8977830215554, 134.63725702953303, 843.0831117573267, 2292.6490495324256, 890.4248804924881, 2260.3429817769065, 4020.922744170231, 389.5491049984614, 104.21656520346583, 1131.9238451136544, 2254.506064346546, 1367.1298471952696, 2578.3440257972043, 3251.2155696128384, 278.0506361764474, 623.1522257536571, 3962.564820140025, 851.117428890074, 1376.8092788360416, 2662.4165442953627], [1228.5232821667344, 4625.749619886668, 3312.897415585948, 1569.506124721898, 3935.023772612998, 2518.6397267289954, 376.8210096945114, 4775854.687915557, 1253.8887303661554, 993.682230941486, 7890.021799604112, 3397.611960558239, 1213.0012582848724, 913.7310898862007, 1553.3417577846196, 1736.3676973932418, 817.1311257152705, 1718.9809064727297, 746.5267620428217, 86.7065978595953, 510.3981912456793, 854.688466046975, 1582.4752346970195, 1525.0034467422129, 1442.0388759662553, 3056.750247540922, 1806.6827823147785, 3774.115468763755, 560.5626853608404, 135.0372465205884, 2703.2540241616725, 415.65889866587025, 466.36870999811964, 2210.918946950765, 646.644835015065, 1983.4169488215732, 3917.4130815920107, 168.7748691815625, 456.045613325364, 755.5505865847402, 2128.301070665047, 1044.5713190611987, 2251.0322629340276, 3082.3952235259253, 618.2008865632222, 246.8591795816946, 3881.7998943257767, 537.052852269168, 1237.8572386837347, 2486.0536965373813], [285.20470166877124, 4872.9333065164055, 2636.1967355473885, 892.1846535559181, 3499.761140334276, 2141.231605855118, 1630.24466755859, 1253.8887303661554, 4775854.687915557, 368.02063920163584, 7305.222284736266, 3165.347684631765, 1146.5149174314035, 1052.296242442317, 1494.8759446195813, 1412.0866731474712, 862.9556604121257, 658.1665472739325, 1999.1542174733202, 1183.1571029864594, 1763.1923490224797, 1365.8794559207101, 1786.5612486502441, 600.2749957926974, 1157.2367905535364, 2982.4032408712965, 1603.943054836773, 3357.141730989843, 1811.5654649744645, 1385.7402653019758, 2098.0468319651764, 1646.5663288959431, 790.4077424262867, 2306.311951517444, 1063.7742974466619, 1356.245978591184, 3725.335756458327, 1280.1609990587124, 1708.0088622339872, 498.3469811959292, 2091.6922160777835, 676.706888586377, 1292.5001508432506, 2731.964887217132, 1847.5534491709882, 1007.1460025306153, 3770.8726313741454, 910.8370724160454, 1474.8387973776694, 2191.745404081974], [234.88316269028277, 4571.3118520044645, 2556.327960054596, 737.7264110728884, 3348.313617732443, 1946.144444003994, 1358.8992262766112, 993.682230941486, 368.02063920163584, 4775854.687915557, 7226.729097764727, 2950.9886143322724, 817.0111476249876, 688.5960113688609, 1189.4604079859414, 1168.0979577259502, 495.2331817798493, 733.9225134662978, 1719.9081504784235, 913.1021294812579, 1499.889562226276, 997.9009536483333, 1449.9803186295212, 565.2740883506815, 880.669404689715, 2726.275273367921, 1337.941997055685, 3198.236529044733, 1531.4288143278718, 1116.0822222777442, 1979.3438825082817, 1353.7295592012026, 570.8987855880694, 2001.8121038625561, 700.6185270329254, 1217.034218469334, 3507.879713481771, 983.64929143975, 1447.167036214895, 310.84952511512614, 1807.1430630043624, 345.0930182959125, 1317.0041395627488, 2543.070309280764, 1548.3007055670087, 753.8093124789357, 3533.874581864995, 567.2385682759212, 1122.8799171721, 1973.7753495083482], [7079.370139560692, 4522.778236344351, 4674.454250336803, 6489.091628490018, 3957.2709320840877, 5372.435005142998, 8060.876582274793, 7890.021799604112, 7305.222284736266, 7226.729097764727, 4775854.687915557, 4554.664106422875, 6681.34650504029, 6979.463348797056, 6339.740994112453, 6166.083329980801, 7110.401908851809, 6656.678648098194, 8222.966224368807, 7812.206541658604, 8180.990621524504, 7080.2589266364885, 6387.092499277807, 6715.288924565241, 6470.87154937903, 4974.72394998855, 6083.349864371704, 4119.285630707472, 8113.457017154697, 7929.017777199592, 5249.569156490058, 7950.237417759278, 7700.763514835001, 5813.469795323864, 7243.8363359857685, 6011.4715137969, 4118.13138890313, 7751.87625004973, 8160.494903410895, 7526.260805651819, 5811.305015660646, 6970.912639682296, 6029.9240988321, 4812.084078989097, 8007.185830577346, 7763.102127618306, 4241.700567450382, 7386.890725840767, 6684.640014162413, 5406.059214210333], [2887.119618391741, 2057.0730936582127, 1186.5062068514922, 2273.9734999751245, 712.8132239764835, 1028.0017632171468, 3525.1708040457793, 3397.611960558239, 3165.347684631765, 2950.9886143322724, 4554.664106422875, 4775854.687915557, 2238.039938901625, 2519.7061586661343, 1858.8889394795392, 1784.2410939292595, 2687.514942794216, 2648.4325846378115, 3669.264892903826, 3327.3252917990053, 3638.4081650404287, 2556.1256221622175, 1842.0632005280997, 2588.839384582179, 2083.49537763551, 468.0096938768545, 1636.9715726209013, 575.3641639424228, 3565.213968982883, 3417.0180197787863, 1244.9557782273885, 3408.6563054753365, 3302.4667246550703, 1259.71559674545, 2766.5506290776357, 1834.8220106059741, 560.0284456439135, 3246.1060264473035, 3621.8678832850223, 3204.02065800191, 1272.844910604763, 2629.71111410437, 2204.71454000991, 478.6599011524003, 3455.0634405410924, 3312.5499868553266, 644.647854377058, 2940.9357447118996, 2162.845252066114, 977.6593716381789], [878.9267257883188, 3757.059297855997, 2114.7675400921116, 609.2281248192584, 2731.9454201932326, 1309.0956260219837, 1443.7322785604822, 1213.0012582848724, 1146.5149174314035, 817.0111476249876, 6681.34650504029, 2238.039938901625, 4775854.687915557, 299.2702123422539, 390.42555657681413, 525.2969412799772, 449.68292087697574, 1045.6784808565196, 1712.7034508990814, 1132.7480900096273, 1582.8994734049872, 537.9913657910772, 640.2416829006141, 831.3773394883079, 256.8977785157209, 1957.293361486649, 606.441609159293, 2572.6380580049076, 1551.7051202302553, 1268.0950402517062, 1503.5019812727874, 1362.99391513341, 1064.7246187171213, 1190.4747295418163, 567.6968683217898, 842.5432784735111, 2781.085800352509, 1088.1357164275694, 1547.940856334808, 999.4063655718796, 1017.5124718879157, 474.2695536675442, 1288.540628593357, 1885.151875943086, 1492.8105423147629, 1086.4888081220254, 2780.1756173043123, 709.9954085647252, 366.6652782203044, 1289.059317638559], [826.1961684526626, 3956.915776383695, 2409.090279161019, 784.0497160184083, 3028.0783853679523, 1607.0298677494663, 1154.0519959282956, 913.7310898862007, 1052.296242442317, 688.5960113688609, 6979.463348797056, 2519.7061586661343, 299.2702123422539, 4775854.687915557, 660.8453227399269, 823.5761582491042, 209.1039421961108, 1132.2308661641748, 1440.2944343855042, 833.6441188511304, 1295.5559463749244, 353.4856234441405, 808.5634274857335, 907.0650028608529, 537.9397296071107, 2218.0493533953327, 899.3926347461287, 2868.2157076266644, 1272.0994955006352, 970.7584075555312, 1797.9304400899828, 1081.1298489486624, 796.6460813800271, 1414.7601675958863, 269.20988439673715, 1110.1394480207043, 3056.4096636475133, 790.8764847172039, 1258.168141579984, 787.9225761955763, 1274.5980229352506, 407.0219321284725, 1493.3204133360086, 2178.9680838595013, 1224.8069620362542, 794.320974109365, 3044.748999282601, 421.329404176779, 453.9426663020711, 1582.1502599820435], [1214.8487330514681, 3383.314325780208, 1856.7162563544168, 770.5003616611731, 2382.922337638181, 979.5206928512312, 1735.1754310027961, 1553.3417577846196, 1494.8759446195813, 1189.4604079859414, 6339.740994112453, 1858.8889394795392, 390.42555657681413, 660.8453227399269, 4775854.687915557, 333.4924634818407, 836.4626153572705, 1257.6944332926826, 1957.8463266223891, 1478.4960307061476, 1865.4224062422843, 758.2433977398937, 375.935956253377, 1074.3282254497815, 356.9878120304622, 1567.2088320353698, 269.88730594907497, 2221.536890237928, 1815.9171045699657, 1589.4706683473871, 1256.5254240015893, 1636.7235411380236, 1449.9027455888445, 813.4708596786326, 911.7838423984911, 759.5677709402772, 2396.6646541875357, 1412.1452141753118, 1837.8211365983022, 1388.7227629698298, 627.2430694751677, 844.590807449758, 1312.4905684392052, 1529.297421556764, 1734.388498011974, 1454.0828600933767, 2391.0606992820976, 1082.1439975196733, 385.27979725696963, 933.7197831474941], [1127.3752274647456, 3482.6155431757848, 1592.4009208931527, 564.0505375920247, 2227.179701686345, 802.1200670902139, 1966.010521533441, 1736.3676973932418, 1412.0866731474712, 1168.0979577259502, 6166.083329980801, 1784.2410939292595, 525.2969412799772, 823.5761582491042, 333.4924634818407, 4775854.687915557, 944.7123541938016, 1040.4786300909518, 2221.2522057773995, 1654.9737843512448, 2103.4850260264507, 1021.7621757163695, 691.1898030662807, 896.0086849386277, 307.7318515654866, 1570.5621912522452, 213.9827510227018, 2070.4286527624754, 2066.8292655505547, 1793.3909917814415, 981.8068574138034, 1880.4976549918376, 1546.865199395434, 958.01562324591, 1092.6228699331275, 427.94019936337537, 2340.0782076562905, 1613.4310923937394, 2070.1195335130637, 1422.2742187911124, 706.6659432096811, 846.7248062516047, 993.4952304745216, 1393.2609224230655, 1998.9952097717412, 1597.0378223891128, 2367.978967962827, 1221.1239628031844, 693.0386075434753, 809.2429558048003], [661.4848151565034, 4163.0432165539205, 2499.9109424530056, 770.4047597359998, 3169.7968225404534, 1744.2667489983735, 1110.3299508125388, 817.1311257152705, 862.9556604121257, 495.2331817798493, 7110.401908851809, 2687.514942794216, 449.68292087697574, 209.1039421961108, 836.4626153572705, 944.7123541938016, 4775854.687915557, 1035.1295363873573, 1430.9517597561262, 731.6480234857371, 1255.8290901758241, 505.1138685375616, 1015.0974928186554, 813.6004452490674, 639.7483353959467, 2402.8802286277332, 1053.3053513355603, 3011.839873897095, 1251.5287206611677, 898.8559120520754, 1892.326403891625, 1059.951741845341, 615.0503977119182, 1613.6310359822858, 253.6808250161931, 1166.319245982853, 3230.6642807417957, 725.207851879329, 1212.0834469778408, 579.6254137669711, 1460.3697631119471, 282.8725450014815, 1474.4394474666676, 2327.9981703044773, 1227.5375136894556, 653.7589972235493, 3227.477015198055, 282.4403712772931, 662.8590676444736, 1733.715153748126], [507.483430990004, 4497.22538816507, 1999.2695048009734, 488.57685710531297, 2905.828179088206, 1624.8379914403768, 2073.7667891002175, 1718.9809064727297, 658.1665472739325, 733.9225134662978, 6656.678648098194, 2648.4325846378115, 1045.6784808565196, 1132.2308661641748, 1257.6944332926826, 1040.4786300909518, 1035.1295363873573, 4775854.687915557, 2424.784983201111, 1635.7070453232807, 2217.6216731905447, 1485.243487775444, 1620.4313877656775, 225.18661418085867, 907.4157354036186, 2538.362840260257, 1254.3459601195755, 2771.579615938326, 2238.0360016316567, 1835.4172087700003, 1495.9311434556766, 2052.798125277398, 1304.2198609821794, 1998.4230966767539, 1288.5110591362327, 816.91919100786, 3204.3345288126134, 1688.265452250662, 2166.716238500583, 1028.2530412342735, 1744.273240905168, 752.4772520597197, 634.4349627511212, 2189.399705156326, 2237.374756186446, 1484.3780139325395, 3278.6437114259043, 1235.8264987875268, 1411.5022268582957, 1707.7830548189745], [1953.485761139289, 4552.304367361954, 3808.753576753663, 2199.0145104905982, 4285.2370468027975, 2929.924515353337, 369.8102294206401, 746.5267620428217, 1999.1542174733202, 1719.9081504784235, 8222.966224368807, 3669.264892903826, 1712.7034508990814, 1440.2944343855042, 1957.8463266223891, 2221.2522057773995, 1430.9517597561262, 2424.784983201111, 4775854.687915557, 816.2656591395981, 253.69082995781832, 1203.0259791876929, 1840.7944253235055, 2216.978393184282, 1967.854980347149, 3266.180255256605, 2227.7104784297394, 4122.211267251251, 188.59290509632206, 613.478372455004, 3200.9563601738328, 373.0072534695973, 1212.8614707543793, 2414.1196589326264, 1192.3051411071021, 2549.005014386824, 4137.753566862237, 737.8935342445285, 308.8313595486469, 1500.9820840343116, 2416.7295499516604, 1700.562715430165, 2905.3788802999875, 3436.02560469785, 223.45804339873442, 992.4441244303672, 4058.3388743757146, 1191.044995118866, 1579.5155109642617, 2861.255249285949], [1147.9701980078669, 4584.307303691883, 3228.898231001728, 1482.8060102382337, 3858.431834370951, 2440.070423722952, 448.7760158861199, 86.7065978595953, 1183.1571029864594, 913.1021294812579, 7812.206541658604, 3327.3252917990053, 1132.7480900096273, 833.6441188511304, 1478.4960307061476, 1654.9737843512448, 731.6480234857371, 1635.7070453232807, 816.2656591395981, 4775854.687915557, 587.2517905495325, 794.9193117343772, 1520.6066849736753, 1440.1990933681982, 1359.0709695325238, 2992.2252767136056, 1729.3668340652105, 3697.8335415969154, 628.4275053910695, 204.04184622494034, 2619.6225890152036, 469.46082828242584, 402.98089430845147, 2149.983020276223, 568.5230933829597, 1897.7557491622902, 3850.2821704681046, 147.72561821652565, 534.1206713153912, 685.3898078007651, 2060.1958402579744, 957.8915400765253, 2164.745887015405, 3006.673580295953, 672.9498374701369, 179.98962670095804, 3818.3166102587124, 450.9041507893579, 1171.4679183181108, 2409.9950851012263], [1734.663404896702, 4641.532256635894, 3695.875520847664, 2025.8141987860463, 4228.742494976332, 2844.7510113632393, 145.90335400531973, 510.3981912456793, 1763.1923490224797, 1499.889562226276, 8180.990621524504, 3638.4081650404287, 1582.8994734049872, 1295.5559463749244, 1865.4224062422843, 2103.4850260264507, 1255.8290901758241, 2217.6216731905447, 253.69082995781832, 587.2517905495325, 4775854.687915557, 1108.798373894927, 1796.7688189202693, 2016.345548237473, 1832.3960561890653, 3254.802061576595, 2133.0080354149495, 4065.906146867043, 117.51090301789841, 383.80815299991656, 3085.022460060708, 230.82241090710386, 973.4045882598632, 2397.6241907038643, 1033.6472934065903, 2403.4181424265844, 4127.016270403144, 535.3551610496052, 56.19266578054311, 1265.1025098044133, 2370.8215722690916, 1513.0123315877129, 2724.2467074479173, 3374.717674275101, 258.1695308029514, 757.0498169359444, 4062.4550357861453, 996.9365600215415, 1501.0898993153505, 2788.6734650997023], [1163.3022496908895, 3813.9672951096386, 2605.782922057785, 1115.4694795379528, 3124.2839240879416, 1736.5567141066258, 982.0397900951066, 854.688466046975, 1365.8794559207101, 997.9009536483333, 7080.2589266364885, 2556.1256221622175, 537.9913657910772, 353.4856234441405, 758.2433977398937, 1021.7621757163695, 505.1138685375616, 1485.243487775444, 1203.0259791876929, 794.9193117343772, 1108.798373894927, 4775854.687915557, 728.0151579875818, 1260.1488181337497, 793.0021939352489, 2203.5312279347504, 1027.343999634964, 2961.7604879449414, 1057.7154888898228, 861.5147215768237, 1998.648068286611, 879.221206739484, 925.8391918135858, 1356.247458115664, 334.0669008438647, 1377.9891394170281, 3067.400963234419, 694.7505133472633, 1083.3993542283806, 1017.975878543793, 1283.348055956862, 755.1419119028976, 1815.9678210380375, 2269.418556278159, 979.8581418209242, 833.9387553095688, 3027.604055270207, 546.0247245799239, 395.7988744968376, 1680.5648630704625], [1518.3079593533034, 3148.357317677873, 2067.294676351678, 1137.5946905334365, 2444.5440674856914, 1134.3610524589972, 1683.3533671762696, 1582.4752346970195, 1786.5612486502441, 1449.9803186295212, 6387.092499277807, 1842.0632005280997, 640.2416829006141, 808.5634274857335, 375.935956253377, 691.1898030662807, 1015.0974928186554, 1620.4313877656775, 1840.7944253235055, 1520.6066849736753, 1796.7688189202693, 728.0151579875818, 4775854.687915557, 1426.340699171331, 713.0407793554109, 1476.1561865535925, 544.9240725674657, 2281.536729520535, 1726.397160341227, 1586.4912461967594, 1498.7081794794499, 1566.7424813791763, 1590.110668848918, 629.6061453495705, 995.4547807061869, 1117.786190066644, 2342.6116132561247, 1422.5327061088522, 1779.8047109314307, 1594.4607023997748, 576.2708585758561, 1111.9776710649153, 1682.664670878457, 1597.6246755244917, 1622.015002273153, 1541.0856951667936, 2299.596552194614, 1200.2943192046362, 362.5468077780752, 1039.918159608095], [369.01906853198307, 4376.791153096661, 2041.9795334487458, 333.05245134998194, 2900.696494048019, 1560.9581490871496, 1871.4559500475286, 1525.0034467422129, 600.2749957926974, 565.2740883506815, 6715.288924565241, 2588.839384582179, 831.3773394883079, 907.0650028608529, 1074.3282254497815, 896.0086849386277, 813.6004452490674, 225.18661418085867, 2216.978393184282, 1440.1990933681982, 2016.345548237473, 1260.1488181337497, 1426.340699171331, 4775854.687915557, 718.0529108816188, 2440.6116338079537, 1105.9694211204035, 2759.3119736002677, 2031.4470171119526, 1636.63678481772, 1497.771890254045, 1844.1723657796679, 1131.9880844656561, 1845.0167456329389, 1067.2716894660002, 761.9575032072476, 3148.3418749121934, 1483.450805086068, 1966.6880974237902, 873.6513185876418, 1601.8779814577526, 530.7518326540229, 752.0004537230814, 2144.5961214351746, 2025.1662825474848, 1297.3653100532783, 3206.8257984226466, 1025.958815348021, 1198.040412081045, 1625.5760321869284], [873.3399609686898, 3715.899681906985, 1872.669621251391, 426.83621051111686, 2534.7754269899438, 1109.8514715381484, 1691.5914590821621, 1442.0388759662553, 1157.2367905535364, 880.669404689715, 6470.87154937903, 2083.49537763551, 256.8977785157209, 537.9397296071107, 356.9878120304622, 307.7318515654866, 639.7483353959467, 907.4157354036186, 1967.854980347149, 1359.0709695325238, 1832.3960561890653, 793.0021939352489, 713.0407793554109, 718.0529108816188, 4775854.687915557, 1845.6113438276595, 457.29361554699966, 2378.1460604324684, 1804.7936890489989, 1506.6833159148339, 1261.999567170705, 1615.09344715173, 1239.1405151362003, 1152.8095269636203, 805.5740027398842, 585.7428722673934, 2636.513111864912, 1327.1591438495223, 1795.7612467732192, 1120.5336157419022, 935.0588606996278, 547.4556170692666, 1054.5481156065534, 1700.2456693772276, 1748.6153203641222, 1293.332580914359, 2655.110763621999, 918.9286106472963, 553.3327066739315, 1112.7905311407922], [2697.888730294723, 1982.469944328087, 1461.9237565873295, 2110.7873529277235, 1180.219861563358, 951.8022414062339, 3149.766059133582, 3056.750247540922, 2982.4032408712965, 2726.275273367921, 4974.72394998855, 468.0096938768545, 1957.293361486649, 2218.0493533953327, 1567.2088320353698, 1570.5621912522452, 2402.8802286277332, 2538.362840260257, 3266.180255256605, 2992.2252767136056, 3254.802061576595, 2203.5312279347504, 1476.1561865535925, 2440.6116338079537, 1845.6113438276595, 4775854.687915557, 1388.395544089897, 1038.0742237563056, 3174.4045044540194, 3062.540205189519, 1315.9938664221602, 3027.7665416527384, 3013.7092933374392, 857.304810326021, 2446.805444233299, 1727.9551299161096, 872.5196301965061, 2898.281073942443, 3242.7694465462187, 2951.3409193540147, 943.4949939098934, 2389.254016677951, 2193.143073677443, 649.5908968926021, 3057.4060567690863, 2997.456953071804, 827.6318980964772, 2636.291168429663, 1821.0769508518677, 837.5840272204163], [1318.758986896108, 3277.8657903345875, 1588.2409905746065, 775.580639219574, 2129.270076130587, 714.5910141108548, 2001.4146511465533, 1806.6827823147785, 1603.943054836773, 1337.941997055685, 6083.349864371704, 1636.9715726209013, 606.441609159293, 899.3926347461287, 269.88730594907497, 213.9827510227018, 1053.3053513355603, 1254.3459601195755, 2227.7104784297394, 1729.3668340652105, 2133.0080354149495, 1027.343999634964, 544.9240725674657, 1105.9694211204035, 457.29361554699966, 1388.395544089897, 4775854.687915557, 1969.0619634362272, 2085.0347686667706, 1849.2292528782377, 991.6521143511767, 1904.8983574291153, 1667.202168482655, 744.0836225465598, 1160.8437409855271, 597.1385071633891, 2185.738900385825, 1670.6586636838301, 2104.444987979713, 1572.0478295447354, 496.228626357228, 1003.0166474991163, 1176.3472959410608, 1279.6430090220588, 2004.2524564448024, 1692.1090401930978, 2198.915147084387, 1316.0765342024029, 653.2055552421949, 682.993355222351], [3094.652288688136, 2372.845423982859, 935.857382489494, 2476.121133206103, 163.04090284844614, 1268.3536484951783, 3943.300073689623, 3774.115468763755, 3357.141730989843, 3198.236529044733, 4119.285630707472, 575.3641639424228, 2572.6380580049076, 2868.2157076266644, 2221.536890237928, 2070.4286527624754, 3011.839873897095, 2771.579615938326, 4122.211267251251, 3697.8335415969154, 4065.906146867043, 2961.7604879449414, 2281.536729520535, 2759.3119736002677, 2378.1460604324684, 1038.0742237563056, 1969.0619634362272, 4775854.687915557, 4002.824510497013, 3810.108803796046, 1276.7748439508935, 3835.1040328716613, 3617.2856928174665, 1755.9111756409131, 3129.4376680978376, 2001.5021309899082, 696.1250044715961, 3633.453214112993, 4043.693981200146, 3477.800262498137, 1706.3779318966447, 2905.1348156562726, 2233.1569872987484, 692.8022656491911, 3902.7005614063282, 3658.957756882523, 912.4789021492685, 3282.209876509492, 2566.502767034272, 1288.0783285543155], [1765.1175273517285, 4534.215554942981, 3658.084236215666, 2021.2697898188637, 4165.817556778755, 2793.213985827615, 186.16320403875696, 560.5626853608404, 1811.5654649744645, 1531.4288143278718, 8113.457017154697, 3565.213968982883, 1551.7051202302553, 1272.0994955006352, 1815.9171045699657, 2066.8292655505547, 1251.5287206611677, 2238.0360016316567, 188.59290509632206, 628.4275053910695, 117.51090301789841, 1057.7154888898228, 1726.397160341227, 2031.4470171119526, 1804.7936890489989, 3174.4045044540194, 2085.0347686667706, 4002.824510497013, 4775854.687915557, 426.5425585226385, 3048.4003983812213, 192.08247293034958, 1026.7905799411528, 2318.149590259839, 1017.85356308138, 2382.2351397962143, 4046.923224002107, 550.1790337112042, 155.63680953886, 1313.5993227316621, 2302.201261698243, 1517.8736462764025, 2725.472999380872, 3313.2768080129085, 142.42877562822486, 805.5107886210467, 3977.3897032867444, 1005.9570027384082, 1444.2780464582434, 2731.5175201897528], [1350.8570521852382, 4584.678831048871, 3379.253658497425, 1662.8634339151201, 3971.8536657656473, 2563.5887947323, 244.87787201548096, 135.0372465205884, 1385.7402653019758, 1116.0822222777442, 7929.017777199592, 3417.0180197787863, 1268.0950402517062, 970.7584075555312, 1589.4706683473871, 1793.3909917814415, 898.8559120520754, 1835.4172087700003, 613.478372455004, 204.04184622494034, 383.80815299991656, 861.5147215768237, 1586.4912461967594, 1636.63678481772, 1506.6833159148339, 3062.540205189519, 1849.2292528782377, 3810.108803796046, 426.5425585226385, 4775854.687915557, 2768.2970605263063, 283.0122064025656, 600.3754615031435, 2210.454403230091, 701.6628009846393, 2061.8403422077618, 3928.343962848272, 179.96099241874927, 331.5514665001181, 887.5137321143199, 2144.5215259206757, 1142.5767074708008, 2353.4059013886585, 3117.395144246203, 484.3014346175891, 379.0316605085287, 3884.2048364057514, 627.2169534842543, 1254.34620596145, 2523.0008788057858], [1847.907596322235, 3266.6338231087275, 611.28570264115, 1242.058257459028, 1409.968192488061, 460.91121926441525, 2946.8977830215554, 2703.2540241616725, 2098.0468319651764, 1979.3438825082817, 5249.569156490058, 1244.9557782273885, 1503.5019812727874, 1797.9304400899828, 1256.5254240015893, 981.8068574138034, 1892.326403891625, 1495.9311434556766, 3200.9563601738328, 2619.6225890152036, 3085.022460060708, 1998.648068286611, 1498.7081794794499, 1497.771890254045, 1261.999567170705, 1315.9938664221602, 991.6521143511767, 1276.7748439508935, 3048.4003983812213, 2768.2970605263063, 4775854.687915557, 2862.302711277372, 2458.9300165646864, 1312.2741680520437, 2066.7200606330584, 762.4246675985777, 1770.448470015125, 2588.574910001028, 3051.073348553139, 2276.767490197602, 1079.016266711291, 1725.3704173402816, 972.9440174800437, 766.6012292072483, 2978.147889687689, 2543.229953658964, 1888.948549491901, 2174.552445366241, 1641.7750638664163, 617.5076044857838], [1586.0707365151125, 4448.0247465610355, 3472.605582559013, 1829.416229541758, 3997.947491632557, 2615.6866885903237, 134.63725702953303, 415.65889866587025, 1646.5663288959431, 1353.7295592012026, 7950.237417759278, 3408.6563054753365, 1362.99391513341, 1081.1298489486624, 1636.7235411380236, 1880.4976549918376, 1059.951741845341, 2052.798125277398, 373.0072534695973, 469.46082828242584, 230.82241090710386, 879.221206739484, 1566.7424813791763, 1844.1723657796679, 1615.09344715173, 3027.7665416527384, 1904.8983574291153, 3835.1040328716613, 192.08247293034958, 283.0122064025656, 2862.302711277372, 4775854.687915557, 872.4387390586146, 2170.4624722847243, 825.8238886287255, 2191.2139649001183, 3899.6382612071907, 370.224592803163, 215.31208494034462, 1151.1568248363799, 2140.353732882114, 1327.8307795499427, 2534.1832778610656, 3143.981286118832, 203.5619270842418, 649.4489383665054, 3837.9086727366357, 818.2145856188434, 1270.6288824378175, 2558.377345617164], [799.0919925683153, 4727.54035851028, 3056.0788753522233, 1247.656868758092, 3773.73887212619, 2348.9807427648334, 843.0831117573267, 466.36870999811964, 790.4077424262867, 570.8987855880694, 7700.763514835001, 3302.4667246550703, 1064.7246187171213, 796.6460813800271, 1449.9027455888445, 1546.865199395434, 615.0503977119182, 1304.2198609821794, 1212.8614707543793, 402.98089430845147, 973.4045882598632, 925.8391918135858, 1590.110668848918, 1131.9880844656561, 1239.1405151362003, 3013.7092933374392, 1667.202168482655, 3617.2856928174665, 1026.7905799411528, 600.3754615031435, 2458.9300165646864, 872.4387390586146, 4775854.687915557, 2208.0718408905564, 603.0314002713093, 1705.611754042419, 3845.5044009310996, 523.4892993522556, 917.9996786054355, 294.22864582513495, 2070.2616261857584, 734.191201397294, 1880.2987739774544, 2937.5566819614373, 1075.9025132848549, 223.0077437256549, 3839.6724737273553, 390.9076747735058, 1227.6515656417566, 2345.406900969571], [2024.3029177493877, 2569.90811201746, 1765.280249941563, 1517.5830470007743, 1916.0510954101483, 856.7910420652172, 2292.6490495324256, 2210.918946950765, 2306.311951517444, 2001.8121038625561, 5813.469795323864, 1259.71559674545, 1190.4747295418163, 1414.7601675958863, 813.4708596786326, 958.01562324591, 1613.6310359822858, 1998.4230966767539, 2414.1196589326264, 2149.983020276223, 2397.6241907038643, 1356.247458115664, 629.6061453495705, 1845.0167456329389, 1152.8095269636203, 857.304810326021, 744.0836225465598, 1755.9111756409131, 2318.149590259839, 2210.454403230091, 1312.2741680520437, 2170.4624722847243, 2208.0718408905564, 4775854.687915557, 1620.9113959466301, 1288.5889139135197, 1729.3959115287626, 2049.584833977704, 2385.4688136799914, 2185.3931471748665, 274.0847278951056, 1656.7203350594375, 1858.2906803357826, 1116.1762254125906, 2202.9472478629077, 2169.025660346288, 1673.8712796692366, 1821.161364292697, 987.2140226616148, 707.4386827722228], [894.7516944963564, 4124.887887620809, 2677.7721754995664, 1008.018231947913, 3289.953816783103, 1872.0461015287956, 890.4248804924881, 646.644835015065, 1063.7742974466619, 700.6185270329254, 7243.8363359857685, 2766.5506290776357, 567.6968683217898, 269.20988439673715, 911.7838423984911, 1092.6228699331275, 253.6808250161931, 1288.5110591362327, 1192.3051411071021, 568.5230933829597, 1033.6472934065903, 334.0669008438647, 995.4547807061869, 1067.2716894660002, 805.5740027398842, 2446.805444233299, 1160.8437409855271, 3129.4376680978376, 1017.85356308138, 701.6628009846393, 2066.7200606330584, 825.8238886287255, 603.0314002713093, 1620.9113959466301, 4775854.687915557, 1369.928379692636, 3296.228894320736, 521.8611185886284, 994.1762223808606, 685.5225497231679, 1506.9610730744316, 536.5253554338, 1717.0089144012777, 2438.564305018775, 983.3137011875029, 550.6610739845264, 3274.42142313439, 214.6068859379951, 633.9567518563464, 1841.7659975418246], [1094.230815708656, 3699.5014528058186, 1350.6231758706874, 480.5220648208534, 2145.938080558844, 808.5973471608073, 2260.3429817769065, 1983.4169488215732, 1356.245978591184, 1217.034218469334, 6011.4715137969, 1834.8220106059741, 842.5432784735111, 1110.1394480207043, 759.5677709402772, 427.94019936337537, 1166.319245982853, 816.91919100786, 2549.005014386824, 1897.7557491622902, 2403.4181424265844, 1377.9891394170281, 1117.786190066644, 761.9575032072476, 585.7428722673934, 1727.9551299161096, 597.1385071633891, 2001.5021309899082, 2382.2351397962143, 2061.8403422077618, 762.4246675985777, 2191.2139649001183, 1705.611754042419, 1288.5889139135197, 1369.928379692636, 4775854.687915557, 2392.736939921435, 1884.806923324878, 2364.0240050852844, 1514.839956974116, 1016.3309880955757, 971.7689604391354, 580.2998719245713, 1383.8219720206607, 2331.25806312837, 1805.1715114595056, 2462.1368566220835, 1447.2099220738207, 1096.54185750026, 892.9667058593357], [3446.8656403033224, 1676.7364482383505, 1584.8147975353972, 2834.0013127872207, 720.6040605774845, 1587.3847466204518, 4020.922744170231, 3917.4130815920107, 3725.335756458327, 3507.879713481771, 4118.13138890313, 560.0284456439135, 2781.085800352509, 3056.4096636475133, 2396.6646541875357, 2340.0782076562905, 3230.6642807417957, 3204.3345288126134, 4137.753566862237, 3850.2821704681046, 4127.016270403144, 3067.400963234419, 2342.6116132561247, 3148.3418749121934, 2636.513111864912, 872.5196301965061, 2185.738900385825, 696.1250044715961, 4046.923224002107, 3928.343962848272, 1770.448470015125, 3899.6382612071907, 3845.5044009310996, 1729.3959115287626, 3296.228894320736, 2392.736939921435, 4775854.687915557, 3761.5173209447694, 4114.508406008778, 3756.585777364979, 1790.3701294093041, 3183.6593342944884, 2740.978635655374, 1018.605851286342, 3929.699475069035, 3845.3914984590137, 235.00204546097555, 3477.4952976719997, 2679.56