{"settings": {"metric": "orthodromic", "filename": "data/Villes_france.json", "number_cities": 12}, "cities": [{"id": 0, "name": "Lille", "latitude": 50.62125, "longitude": 3.071075}, {"id": 1, "name": "Cean", "latitude": 49.182252, "longitude": -0.383438}, {"id": 2, "name": "Rennes", "latitude": 48.106687, "longitude": -1.679157}, {"id": 3, "name": "Strasbourg", "latitude": 48.564183, "longitude": 7.749803}, {"id": 4, "name": "Paris", "latitude": 48.85615, "longitude": 2.355077}, {"id": 5, "name": "Nantes", "latitude": 47.209457, "longitude": -1.559021}, {"id": 6, "name": "Orleans", "latitude": 47.893092, "longitude": 1.899379}, {"id": 7, "name": "Dijon", "latitude": 47.316841, "longitude": 5.046692}, {"id": 8, "name": "Bordeaux", "latitude": 44.839109, "longitude": -0.584376}, {"id": 9, "name": "Lyon", "latitude": 45.761563, "longitude": 4.83344}, {"id": 10, "name": "Toulouse", "latitude": 43.600428, "longitude": 1.440771}, {"id": 11, "name": "Marseille", "latitude": 43.29957, "longitude": 5.358924}], "weight_matrix": [[59020.05870850252, 294.6001617003825, 443.14230655865117, 407.3672580887617, 202.89978151421087, 508.130603606304, 315.0386246862141, 394.6829314779731, 698.439202868221, 555.895513755497, 790.3144363001769, 832.3313448776128], [294.6001617003825, 59020.05870850252, 152.85394357599836, 598.493588004305, 202.95224563368802, 236.0291975013266, 220.88298017568704, 452.2671191080234, 483.1752029907318, 546.0426602464993, 636.1903425759414, 788.7260155054794], [443.14230655865117, 152.85394357599836, 59020.05870850252, 698.3851592639443, 308.76555953524957, 100.17229857432622, 267.2903800533041, 510.6519183028982, 372.87400708068344, 558.7728559036892, 556.1699365191943, 763.881042270982], [407.3672580887617, 598.493588004305, 698.3851592639443, 59020.05870850252, 397.0774392354588, 709.8039857703995, 439.62479468234096, 244.47679446265565, 757.945536897348, 381.6842570175201, 735.3029135329416, 613.8217769067945], [202.89978151421087, 202.95224563368802, 308.76555953524957, 397.0774392354588, 59020.05870850252, 343.78059548408845, 112.2516964018231, 263.1610990297591, 499.3951500105198, 391.51063650176235, 588.6138227221569, 659.7382559679321], [508.130603606304, 236.0291975013266, 100.17229857432622, 709.8039857703995, 343.78059548408845, 59020.05870850252, 270.42433460856347, 498.46383082640807, 274.09619514871827, 515.0395535044519, 464.55479836189335, 693.9824437605655], [315.0386246862141, 220.88298017568704, 267.2903800533041, 439.62479468234096, 112.2516964018231, 270.42433460856347, 59020.05870850252, 244.48534003673447, 389.3580025419042, 325.535082634775, 478.64455528441994, 577.210321324571], [394.6829314779731, 452.2671191080234, 510.6519183028982, 244.47679446265565, 263.1610990297591, 498.46383082640807, 244.48534003673447, 59020.05870850252, 514.1576770717586, 173.70630071665315, 499.7431454234493, 447.36589156986025], [698.439202868221, 483.1752029907318, 372.87400708068344, 757.945536897348, 499.3951500105198, 274.09619514871827, 389.3580025419042, 514.1576770717586, 59020.05870850252, 435.88812959225237, 212.15691622308987, 504.59890548282794], [555.895513755497, 546.0426602464993, 558.7728559036892, 381.6842570175201, 391.51063650176235, 515.0395535044519, 325.535082634775, 173.70630071665315, 435.88812959225237, 59020.05870850252, 360.0747672952962, 276.91005842620467], [790.3144363001769, 636.1903425759414, 556.1699365191943, 735.3029135329416, 588.6138227221569, 464.55479836189335, 478.64455528441994, 499.7431454234493, 212.15691622308987, 360.0747672952962, 59020.05870850252, 318.0257315373958], [832.3313448776128, 788.7260155054794, 763.881042270982, 613.8217769067945, 659.7382559679321, 693.9824437605655, 577.210321324571, 447.36589156986025, 504.59890548282794, 276.91005842620467, 318.0257315373958, 59020.05870850252]], "solutions": [{"method": "nearest-neighbors", "resulting_path": [5, 2, 1, 4, 6, 7, 9, 11, 10, 8, 0, 3, 5]}]}